"Saison" "Spieltag" "Heimteam" "Auswartsteam" "Tore_heim" "Tore_aus" "Chancen_heim" "Chancen_aus"
"1" 2020 1 16 20 8 0 12 0
"2" 2020 1 44 7 0 0 1 3
"3" 2020 1 54 24 3 1 12 2
"4" 2020 1 8 9 3 0 2 0
"5" 2020 1 42 33 2 3 3 3
"6" 2020 1 47 27 1 4 4 3
"7" 2020 1 2 49 2 3 2 3
"8" 2020 1 84 50 1 3 1 2
"9" 2020 1 15 6 1 1 8 4
"10" 2020 2 33 44 1 1 4 3
"11" 2020 2 49 16 4 1 7 3
"12" 2020 2 20 47 1 3 5 6
"13" 2020 2 6 2 1 0 4 3
"14" 2020 2 50 8 2 0 2 5
"15" 2020 2 24 42 1 4 2 7
"16" 2020 2 7 54 1 1 4 2
"17" 2020 2 9 84 1 1 5 2
"18" 2020 2 27 15 1 3 5 3
"19" 2020 3 16 27 4 3 10 5
"20" 2020 3 44 50 0 0 4 1
"21" 2020 3 54 20 4 0 6 1
"22" 2020 3 42 7 1 1 2 4
"23" 2020 3 47 6 1 0 3 4
"24" 2020 3 2 9 1 3 3 10
"25" 2020 3 15 49 2 1 6 3
"26" 2020 3 8 33 4 0 7 2
"27" 2020 3 84 24 4 0 6 0
"28" 2020 4 20 84 1 1 4 7
"29" 2020 4 2 15 1 1 4 3
"30" 2020 4 9 44 1 1 2 5
"31" 2020 4 6 16 1 4 6 8
"32" 2020 4 50 54 0 2 2 5
"33" 2020 4 24 7 0 1 0 4
"34" 2020 4 27 42 0 2 4 4
"35" 2020 4 33 47 1 1 4 3
"36" 2020 4 49 8 0 1 3 4
"37" 2020 5 7 50 3 1 8 3
"38" 2020 5 47 49 1 1 2 7
"39" 2020 5 44 6 2 1 5 1
"40" 2020 5 8 20 3 0 8 0
"41" 2020 5 24 9 2 3 7 9
"42" 2020 5 84 33 1 1 6 4
"43" 2020 5 54 27 2 1 8 2
"44" 2020 5 16 15 5 0 9 3
"45" 2020 5 42 2 1 1 4 4
"46" 2020 6 49 84 1 3 3 6
"47" 2020 6 27 44 1 1 5 4
"48" 2020 6 33 7 2 4 5 8
"49" 2020 6 9 54 1 0 4 4
"50" 2020 6 50 24 3 1 6 4
"51" 2020 6 2 16 1 2 2 4
"52" 2020 6 15 47 1 1 6 3
"53" 2020 6 6 8 0 2 1 10
"54" 2020 6 20 42 1 1 2 8
"55" 2020 7 7 9 4 3 4 6
"56" 2020 7 44 49 2 1 8 4
"57" 2020 7 8 16 2 3 5 7
"58" 2020 7 42 15 2 2 5 7
"59" 2020 7 50 27 0 3 2 6
"60" 2020 7 24 20 2 2 7 3
"61" 2020 7 84 6 5 0 10 2
"62" 2020 7 54 33 3 0 6 3
"63" 2020 7 47 2 1 1 3 1
"64" 2020 8 2 84 1 2 3 2
"65" 2020 8 33 24 1 3 5 7
"66" 2020 8 27 8 2 5 4 8
"67" 2020 8 15 54 1 1 2 3
"68" 2020 8 6 7 1 2 1 3
"69" 2020 8 20 44 0 2 7 10
"70" 2020 8 49 42 3 3 8 10
"71" 2020 8 9 50 1 1 4 5
"72" 2020 8 16 47 1 1 4 6
"73" 2020 9 24 49 1 1 4 4
"74" 2020 9 7 27 0 0 2 3
"75" 2020 9 9 20 4 1 8 2
"76" 2020 9 42 16 1 3 5 6
"77" 2020 9 50 33 1 1 2 5
"78" 2020 9 84 15 3 3 6 4
"79" 2020 9 54 6 2 1 5 2
"80" 2020 9 8 2 1 2 3 4
"81" 2020 9 44 47 5 3 6 4
"82" 2020 10 49 50 3 1 7 2
"83" 2020 10 20 7 0 3 3 10
"84" 2020 10 47 42 1 2 2 7
"85" 2020 10 16 54 3 3 6 4
"86" 2020 10 6 24 2 1 5 4
"87" 2020 10 2 44 2 2 4 6
"88" 2020 10 15 8 1 1 1 5
"89" 2020 10 33 9 2 2 7 4
"90" 2020 10 27 84 3 1 7 1
"91" 2020 11 7 49 4 1 8 3
"92" 2020 11 50 20 2 2 4 4
"93" 2020 11 84 16 1 1 5 5
"94" 2020 11 24 2 0 1 4 6
"95" 2020 11 33 6 2 0 7 2
"96" 2020 11 9 27 1 1 4 3
"97" 2020 11 54 47 2 0 8 2
"98" 2020 11 8 42 1 5 4 10
"99" 2020 11 44 15 2 1 7 4
"100" 2020 12 6 50 0 1 2 4
"101" 2020 12 2 7 0 4 0 6
"102" 2020 12 49 54 0 1 4 2
"103" 2020 12 16 44 2 1 3 3
"104" 2020 12 20 33 0 2 2 5
"105" 2020 12 42 84 2 2 5 4
"106" 2020 12 47 8 1 2 3 7
"107" 2020 12 27 24 0 0 1 0
"108" 2020 12 15 9 3 3 5 4
"109" 2020 13 44 42 1 0 5 3
"110" 2020 13 33 27 4 1 7 3
"111" 2020 13 7 16 1 2 3 3
"112" 2020 13 50 15 0 2 4 6
"113" 2020 13 24 47 0 1 1 5
"114" 2020 13 20 6 0 1 3 3
"115" 2020 13 9 49 1 2 5 5
"116" 2020 13 54 2 0 0 6 0
"117" 2020 13 84 8 2 1 5 4
"118" 2020 14 16 24 5 2 0 0
"119" 2020 14 8 44 2 0 0 0
"120" 2020 14 42 54 0 1 0 0
"121" 2020 14 27 20 3 0 0 0
"122" 2020 14 6 9 0 1 0 0
"123" 2020 14 47 84 0 2 0 0
"124" 2020 14 2 50 0 1 0 0
"125" 2020 14 15 7 2 1 0 0
"126" 2020 14 49 33 1 3 0 0
"127" 2020 15 6 27 1 0 0 0
"128" 2020 15 50 42 1 4 0 0
"129" 2020 15 54 8 1 3 0 0
"130" 2020 15 24 15 0 2 0 0
"131" 2020 15 20 49 4 0 0 0
"132" 2020 15 84 44 2 2 0 0
"133" 2020 15 33 2 5 0 0 0
"134" 2020 15 7 47 1 1 0 0
"135" 2020 15 9 16 3 2 0 0
"136" 2020 16 15 20 3 1 0 0
"137" 2020 16 16 33 2 1 0 0
"138" 2020 16 42 9 2 2 0 0
"139" 2020 16 47 50 2 0 0 0
"140" 2020 16 2 27 0 0 0 0
"141" 2020 16 44 54 2 2 0 0
"142" 2020 16 49 6 0 0 0 0
"143" 2020 16 8 24 1 1 0 0
"144" 2020 16 84 7 1 0 0 0
"145" 2020 17 6 42 3 0 0 0
"146" 2020 17 50 16 0 1 0 0
"147" 2020 17 33 15 2 2 0 0
"148" 2020 17 54 84 1 0 0 0
"149" 2020 17 20 2 1 2 0 0
"150" 2020 17 24 44 0 2 0 0
"151" 2020 17 27 49 0 3 0 0
"152" 2020 17 7 8 2 1 0 0
"153" 2020 17 9 47 1 0 0 0
"154" 2020 18 49 2 3 0 0 0
"155" 2020 18 20 16 0 4 0 0
"156" 2020 18 27 47 1 4 0 0
"157" 2020 18 6 15 1 5 0 0
"158" 2020 18 50 84 2 1 0 0
"159" 2020 18 24 54 3 2 0 0
"160" 2020 18 33 42 2 1 0 0
"161" 2020 18 7 44 0 1 0 0
"162" 2020 18 9 8 4 2 0 0
"163" 2020 19 44 33 3 0 0 0
"164" 2020 19 2 6 3 1 0 0
"165" 2020 19 54 7 1 0 0 0
"166" 2020 19 47 20 1 1 0 0
"167" 2020 19 84 9 1 1 0 0
"168" 2020 19 15 27 3 1 0 0
"169" 2020 19 8 50 3 1 0 0
"170" 2020 19 16 49 4 1 0 0
"171" 2020 19 42 24 2 0 0 0
"172" 2020 20 6 47 0 2 5 1
"173" 2020 20 49 15 1 3 0 0
"174" 2020 20 9 2 1 2 0 0
"175" 2020 20 50 44 0 2 0 0
"176" 2020 20 24 84 1 0 0 0
"177" 2020 20 20 54 0 3 0 0
"178" 2020 20 33 8 2 1 0 0
"179" 2020 20 7 42 5 2 0 0
"180" 2020 20 27 16 0 1 0 0
"181" 2020 21 16 6 3 3 8 3
"182" 2020 21 44 9 0 0 5 4
"183" 2020 21 15 2 2 0 7 1
"184" 2020 21 84 20 0 0 3 1
"185" 2020 21 42 27 1 1 3 1
"186" 2020 21 47 33 0 0 3 2
"187" 2020 21 7 24 2 2 2 3
"188" 2020 21 8 49 2 2 5 6
"189" 2020 21 54 50 2 1 3 2
"190" 2020 22 49 47 4 0 6 1
"191" 2020 22 27 54 0 3 5 5
"192" 2020 22 50 7 1 1 3 4
"193" 2020 22 20 8 0 4 0 6
"194" 2020 22 2 42 0 1 0 1
"195" 2020 22 15 16 2 1 5 8
"196" 2020 22 33 84 0 1 1 4
"197" 2020 22 9 24 1 2 3 6
"198" 2020 22 6 44 0 3 1 5
"199" 2020 23 7 33 1 2 5 3
"200" 2020 23 24 50 0 1 5 2
"201" 2020 23 84 49 1 1 2 2
"202" 2020 23 54 9 3 2 0 0
"203" 2020 23 42 20 5 1 10 4
"204" 2020 23 44 27 2 0 2 1
"205" 2020 23 8 6 3 0 11 2
"206" 2020 23 16 2 5 1 7 3
"207" 2020 23 47 15 2 1 4 4
"208" 2020 24 6 84 0 0 2 3
"209" 2020 24 2 47 1 1 3 4
"210" 2020 24 16 8 4 2 8 2
"211" 2020 24 27 50 2 1 7 4
"212" 2020 24 15 42 1 1 6 1
"213" 2020 24 33 54 0 3 1 9
"214" 2020 24 49 44 2 1 3 3
"215" 2020 24 9 7 0 1 4 5
"216" 2020 24 20 24 0 0 1 2
"217" 2020 25 42 49 2 0 4 5
"218" 2020 25 54 15 1 1 6 2
"219" 2020 25 7 6 1 2 6 5
"220" 2020 25 8 27 2 0 4 0
"221" 2020 25 47 16 1 3 2 6
"222" 2020 25 24 33 1 0 5 3
"223" 2020 25 84 2 2 1 0 0
"224" 2020 25 44 20 5 0 7 1
"225" 2020 25 50 9 3 1 3 7
"226" 2020 26 33 50 2 0 5 7
"227" 2020 26 27 7 3 0 9 1
"228" 2020 26 49 24 1 2 5 6
"229" 2020 26 20 9 0 3 1 5
"230" 2020 26 47 44 1 2 4 3
"231" 2020 26 2 8 2 2 2 4
"232" 2020 26 15 84 5 2 5 7
"233" 2020 26 16 42 4 0 6 4
"234" 2020 26 6 54 0 1 0 8
"235" 2020 27 84 27 1 1 2 1
"236" 2020 27 42 47 1 0 1 2
"237" 2020 27 9 33 2 1 6 5
"238" 2020 27 54 16 0 1 3 5
"239" 2020 27 50 49 2 1 2 5
"240" 2020 27 24 6 1 1 4 1
"241" 2020 27 44 2 1 0 5 1
"242" 2020 27 7 20 2 1 2 1
"243" 2020 27 8 15 1 2 6 3
"244" 2020 28 49 7 0 0 0 5
"245" 2020 28 2 24 2 3 3 6
"246" 2020 28 20 50 1 0 2 4
"247" 2020 28 42 8 2 3 3 7
"248" 2020 28 47 54 1 4 2 4
"249" 2020 28 27 9 2 2 7 4
"250" 2020 28 15 44 4 3 5 7
"251" 2020 28 16 84 1 1 2 2
"252" 2020 28 6 33 1 0 4 0
"253" 2020 29 24 27 1 1 10 6
"254" 2020 29 8 47 4 1 10 3
"255" 2020 29 7 2 3 0 5 2
"256" 2020 29 50 6 0 0 4 1
"257" 2020 29 84 42 2 1 4 2
"258" 2020 29 33 20 4 0 9 2
"259" 2020 29 44 16 2 3 3 8
"260" 2020 29 9 15 4 0 4 3
"261" 2020 29 54 49 0 0 1 0
"262" 2020 30 27 33 3 0 6 3
"263" 2020 30 42 44 1 3 3 4
"264" 2020 30 47 24 0 1 1 2
"265" 2020 30 49 9 3 2 8 4
"266" 2020 30 8 84 2 0 5 0
"267" 2020 30 6 20 1 0 3 1
"268" 2020 30 15 50 2 0 4 4
"269" 2020 30 16 7 2 0 8 3
"270" 2020 30 2 54 2 1 3 3
"271" 2020 31 20 27 1 2 1 7
"272" 2020 31 50 2 2 3 3 5
"273" 2020 31 9 6 5 0 12 4
"274" 2020 31 54 42 2 0 11 0
"275" 2020 31 7 15 3 1 8 3
"276" 2020 31 24 16 2 1 3 4
"277" 2020 31 84 47 3 1 6 5
"278" 2020 31 33 49 1 1 6 4
"279" 2020 31 44 8 0 2 2 3
"280" 2020 32 27 6 0 0 3 5
"281" 2020 32 15 24 1 1 2 2
"282" 2020 32 2 33 1 4 2 6
"283" 2020 32 16 9 6 0 7 2
"284" 2020 32 47 7 0 0 1 4
"285" 2020 32 44 84 3 0 6 1
"286" 2020 32 49 20 4 2 12 3
"287" 2020 32 8 54 3 2 3 8
"288" 2020 32 42 50 2 1 5 8
"289" 2020 33 54 44 2 2 4 4
"290" 2020 33 24 8 1 3 4 4
"291" 2020 33 6 49 1 1 7 2
"292" 2020 33 50 47 2 0 4 3
"293" 2020 33 20 15 4 3 5 8
"294" 2020 33 27 2 0 0 2 4
"295" 2020 33 33 16 2 2 3 6
"296" 2020 33 7 84 1 1 4 5
"297" 2020 33 9 42 1 2 4 6
"298" 2020 34 2 20 1 0 10 1
"299" 2020 34 84 54 2 1 4 6
"300" 2020 34 15 33 3 1 11 6
"301" 2020 34 44 24 2 3 6 7
"302" 2020 34 49 27 2 1 6 5
"303" 2020 34 8 7 3 1 3 8
"304" 2020 34 16 50 5 2 12 3
"305" 2020 34 42 6 0 2 0 3
"306" 2020 34 47 9 0 0 0 0
